5
5 6
1 1 0 1 0 0
1 0 0 1 1 1
1 1 0 1 1 1
0 0 0 0 0 0
1 1 1 0 1 1
5 9
1 0 1 1 1 0 0 1 1 
0 0 1 1 1 1 1 1 0 
0 0 0 1 1 0 1 0 0 
1 0 1 1 0 0 1 1 0 
0 0 1 0 0 0 1 1 1 
15 7
1 0 1 0 0 1 0 
1 0 0 1 1 0 0 
0 1 1 0 0 0 0 
0 0 1 0 0 0 0 
0 0 1 0 1 1 0 
0 0 0 1 0 0 1 
0 0 0 1 1 1 0 
1 0 1 0 0 1 1 
1 1 1 1 0 1 1 
1 0 0 0 1 1 0 
1 1 0 1 1 1 1 
1 1 0 0 0 0 0 
1 0 0 0 0 0 0 
0 0 0 0 0 1 1 
1 0 0 1 1 0 0 
32 29
0 1 1 1 1 0 1 1 0 1 0 1 0 0 0 1 1 0 1 1 1 0 0 1 1 0 0 0 0 
0 0 1 1 0 0 0 0 0 0 0 1 1 0 1 1 1 0 0 1 0 1 0 0 0 0 0 1 1 
0 1 0 0 0 1 1 0 0 1 0 0 1 0 0 0 0 1 0 0 0 1 1 0 0 1 0 1 0 
0 1 0 1 0 0 1 1 0 0 1 0 1 1 1 0 0 1 0 0 1 1 0 1 0 1 1 0 0 
1 0 0 0 1 1 0 1 0 0 0 0 0 0 1 0 0 1 0 0 0 0 1 1 1 1 0 0 1 
0 0 0 1 0 1 0 1 1 0 0 0 0 1 0 0 1 0 1 1 1 1 1 0 1 0 1 0 0 
1 1 1 1 1 1 0 1 0 1 1 0 1 1 1 1 0 0 0 1 1 0 1 0 0 1 1 1 1 
1 0 1 1 1 1 1 1 0 1 0 1 0 1 1 1 0 0 1 0 0 0 1 0 0 0 1 0 0 
0 0 1 1 0 0 0 0 1 1 1 0 1 1 1 1 1 1 1 1 1 1 0 0 1 0 1 1 0 
1 1 0 1 1 0 1 0 0 1 0 1 0 0 1 1 0 1 0 0 1 0 0 0 1 0 0 1 1 
0 1 0 0 0 1 0 0 1 1 0 0 1 1 1 0 1 1 1 0 1 1 1 0 1 0 1 0 1 
0 0 0 1 0 0 1 0 1 0 0 1 0 1 0 0 1 1 1 0 0 1 0 0 0 0 1 0 1 
1 1 0 0 1 0 0 0 1 0 1 0 1 1 1 0 1 0 1 0 0 1 1 0 0 1 1 0 1 
0 1 0 1 1 1 1 1 0 1 1 1 0 1 0 1 1 1 1 0 1 0 0 1 0 1 0 0 0 
0 1 1 0 0 0 1 1 0 0 1 1 0 1 0 1 0 0 0 0 1 1 1 1 0 0 0 1 1 
1 1 1 0 0 0 1 1 1 1 0 0 1 0 1 0 1 1 0 1 0 1 0 1 0 0 1 0 0 
1 1 0 1 0 0 1 1 0 1 0 1 1 1 1 1 1 0 0 1 0 0 0 1 1 0 1 0 0 
0 1 0 1 0 0 1 1 0 0 1 1 1 1 1 0 1 1 0 1 0 1 1 1 0 1 0 0 1 
1 1 1 1 1 0 0 1 0 1 1 1 0 0 0 0 0 0 0 0 0 0 1 1 1 1 1 1 1 
1 0 1 0 0 1 1 0 0 0 0 0 1 0 0 1 0 0 1 1 0 1 1 1 1 0 0 1 1 
1 1 0 0 1 1 1 1 1 1 1 0 1 1 1 1 0 0 0 0 1 1 1 0 0 1 0 1 0 
1 1 1 0 1 1 0 0 1 1 1 1 0 1 0 0 0 0 1 0 1 1 0 1 0 1 0 0 1 
0 1 1 1 1 1 0 0 1 1 0 1 0 0 0 0 1 1 0 1 1 0 0 1 1 1 0 0 0 
0 1 0 0 1 1 1 1 1 1 1 0 0 1 1 1 1 0 0 1 1 1 1 1 0 1 1 1 1 
1 1 0 0 1 1 1 0 1 0 0 0 1 1 1 1 1 1 0 1 1 0 0 1 1 0 0 0 1 
1 0 1 0 0 1 0 0 1 1 1 0 1 0 0 0 1 1 1 0 0 1 0 0 0 1 1 0 1 
1 1 0 0 0 1 1 1 0 0 0 1 0 0 0 1 1 0 0 0 1 0 1 0 0 1 1 1 0 
0 1 1 1 1 1 1 1 1 1 0 0 0 1 0 0 1 1 1 0 1 1 1 1 0 0 1 0 0 
0 0 1 1 1 0 0 0 0 0 1 1 1 1 0 1 1 0 1 0 1 0 0 0 1 1 1 1 1 
1 1 1 0 1 1 0 0 0 1 0 1 1 0 1 1 1 0 1 0 0 1 1 1 0 1 0 0 0 
0 0 1 1 1 1 1 0 1 0 0 1 1 1 1 0 0 0 1 0 0 0 0 1 1 1 1 0 0 
1 0 1 1 1 1 0 1 0 1 0 1 1 1 1 0 1 0 1 0 0 0 1 0 0 1 0 0 0 
39 64
1 1 1 0 0 1 1 0 1 0 0 1 0 0 1 0 0 1 1 0 1 1 1 0 0 0 1 0 1 0 1 0 1 1 0 1 0 1 1 0 1 1 0 0 0 0 1 0 0 1 0 1 0 0 0 0 1 0 0 1 0 1 1 0 
1 1 0 1 1 0 1 0 1 1 0 1 0 1 1 1 0 1 0 1 0 1 0 1 1 0 0 0 1 0 1 0 0 0 0 1 1 0 0 0 0 0 1 1 0 1 0 1 1 0 0 1 1 1 0 0 0 0 0 0 1 1 0 1 
0 1 0 1 1 0 1 0 0 1 1 0 1 1 1 0 1 1 1 0 0 0 0 1 0 0 1 0 0 1 1 1 0 1 0 0 1 0 0 0 1 0 1 0 0 0 0 1 1 0 1 0 1 0 1 0 1 0 0 0 0 1 1 0 
0 1 0 1 0 0 0 0 0 0 0 1 1 1 0 1 1 1 1 0 1 1 0 0 1 1 0 0 1 1 1 1 0 0 0 1 1 1 1 0 0 1 1 1 0 0 1 1 1 0 0 1 0 0 0 0 1 1 1 1 1 1 0 1 
0 1 1 0 1 1 0 1 1 1 1 0 1 1 1 0 1 0 1 0 0 0 0 1 1 0 0 0 0 0 1 1 0 1 0 0 1 1 1 0 0 1 1 0 0 0 1 0 1 0 1 1 0 1 0 1 0 1 0 0 0 0 0 0 
0 1 0 0 1 1 1 0 1 1 0 1 0 1 0 1 1 0 1 0 0 1 1 1 0 1 0 1 1 1 0 0 0 1 1 1 0 1 1 1 0 0 0 1 0 1 0 0 1 0 0 0 1 0 1 0 0 0 1 1 0 1 0 1 
0 1 0 0 1 0 0 1 1 0 0 1 0 0 1 0 0 0 1 0 1 1 1 0 0 0 0 0 1 1 1 0 1 0 0 1 0 0 1 1 0 1 0 0 1 0 0 0 0 1 1 0 1 1 1 1 0 1 0 0 1 0 0 0 
1 0 0 1 0 1 0 0 1 0 0 1 1 1 1 0 0 1 0 1 1 1 0 0 1 1 0 1 1 1 0 1 1 1 1 0 1 0 0 1 0 1 1 0 0 0 1 0 1 0 1 0 1 0 1 0 1 0 1 1 1 1 0 0 
0 0 1 1 1 0 1 1 1 0 0 1 0 1 1 0 1 1 1 1 1 1 1 1 1 0 1 0 1 1 0 0 0 1 1 1 0 0 0 0 1 0 1 1 1 0 0 0 0 1 1 1 1 1 1 0 1 1 1 0 0 0 1 1 
1 0 1 0 1 1 1 0 0 1 0 1 1 0 1 0 1 0 0 1 0 1 1 0 0 1 0 1 1 1 1 0 0 0 0 1 0 0 1 0 0 1 0 0 1 0 1 1 1 0 1 1 0 0 0 1 0 0 1 1 0 1 0 0 
0 0 0 0 0 0 1 1 1 1 1 0 1 0 1 0 0 1 1 0 0 0 0 0 1 1 1 0 0 0 1 1 1 0 0 0 0 0 1 1 1 1 0 1 0 0 1 0 1 1 0 0 0 1 1 0 1 1 0 1 1 0 1 0 
0 0 1 0 0 1 1 1 0 0 0 1 1 1 0 1 0 0 1 0 1 0 0 1 0 0 1 1 1 0 1 1 1 0 1 0 1 1 0 0 0 0 0 0 0 1 1 0 1 0 1 1 1 1 0 0 1 0 0 1 0 1 0 1 
0 1 1 1 0 0 0 0 0 1 1 0 1 0 1 1 0 1 1 1 0 0 0 0 0 0 0 1 0 0 0 1 1 1 1 0 0 0 0 1 0 0 0 1 1 1 1 1 1 1 0 1 1 0 1 1 1 0 1 1 1 1 0 1 
0 0 0 1 0 0 1 0 1 1 0 1 1 0 0 1 0 0 1 1 0 1 1 0 1 0 0 0 0 0 1 0 1 1 0 1 0 1 0 0 1 1 1 0 1 1 1 1 1 0 1 0 0 1 0 1 0 0 0 1 1 1 1 0 
1 0 0 1 1 1 0 0 1 0 0 1 0 1 1 0 1 1 0 1 0 1 0 1 1 1 0 0 1 0 0 0 0 0 1 1 1 0 0 1 0 0 1 1 0 0 1 0 0 0 1 1 0 0 0 1 1 0 1 0 1 1 1 1 
1 1 0 1 0 0 1 1 0 0 0 1 1 0 1 0 1 0 0 0 1 0 0 1 0 1 1 0 1 0 1 0 1 1 0 0 0 0 0 0 0 0 0 1 1 0 0 1 1 0 0 0 0 1 0 0 1 0 1 0 1 0 0 1 
0 1 0 1 1 0 1 1 0 0 0 1 0 1 1 1 0 0 1 1 0 1 0 0 0 1 0 1 1 0 0 0 0 1 1 1 1 0 1 1 0 1 0 0 0 1 1 1 0 0 0 1 0 0 1 0 0 1 1 0 1 0 0 1 
1 0 1 1 0 1 1 0 1 1 0 1 1 0 1 0 1 1 0 0 0 1 1 1 1 1 0 1 0 0 0 0 1 0 1 1 0 1 0 1 1 0 1 1 0 0 0 0 1 1 1 1 1 1 1 1 1 1 1 1 0 1 1 1 
1 1 0 1 0 1 1 1 0 1 1 0 1 0 1 0 1 0 0 1 1 0 1 1 0 1 0 1 0 1 0 1 1 0 1 0 0 1 1 0 0 0 1 0 1 0 0 1 1 1 1 1 1 0 0 0 0 1 1 1 0 0 0 1 
1 1 1 1 0 1 1 1 1 0 0 1 1 0 0 1 1 0 1 1 1 0 1 0 1 0 1 1 1 1 0 0 0 0 1 0 0 0 1 1 0 1 1 1 1 1 0 0 1 0 0 1 0 0 1 0 1 0 0 0 1 0 0 0 
0 0 0 0 0 1 0 0 0 1 1 0 1 1 1 1 1 1 1 0 1 0 1 1 1 1 1 1 0 1 1 1 0 1 0 0 0 0 1 1 1 1 1 0 1 1 0 1 1 1 1 1 0 1 0 1 1 0 0 1 1 1 1 0 
1 1 0 0 0 0 1 1 0 1 0 1 1 1 0 1 1 1 1 1 0 1 1 1 1 1 1 0 0 0 1 0 1 1 1 1 1 0 1 0 1 0 0 1 0 1 0 0 1 1 0 1 1 1 0 1 1 1 0 1 0 1 1 0 
1 0 0 0 0 1 0 0 0 0 0 1 0 0 1 0 1 0 0 1 0 1 0 0 1 1 1 1 0 0 0 0 1 0 0 1 1 1 1 0 1 1 0 0 1 0 0 1 0 0 0 1 1 1 0 1 1 0 1 0 0 1 1 0 
0 1 0 0 1 1 1 1 0 0 0 1 1 0 1 0 0 1 0 0 1 0 1 0 1 0 1 1 1 1 1 0 0 1 1 0 0 1 1 0 0 1 1 0 0 0 1 0 1 0 0 1 1 0 0 0 1 1 0 0 0 0 1 0 
1 0 0 0 0 1 1 1 1 0 0 1 0 0 1 1 1 1 1 0 0 1 0 1 1 1 0 0 0 1 1 0 1 0 0 1 0 0 0 0 0 0 1 1 1 1 0 0 0 0 0 0 1 0 0 0 0 1 0 0 0 0 0 0 
0 1 1 1 0 0 1 1 1 1 0 1 1 1 1 0 0 1 1 1 0 1 1 0 0 0 1 0 0 1 1 0 1 1 0 1 1 1 1 1 1 1 0 0 0 0 1 1 1 1 0 0 0 0 0 1 1 1 0 0 1 1 1 0 
1 0 0 0 1 1 1 0 0 1 1 0 1 1 1 1 0 1 0 0 1 0 1 0 1 0 0 1 1 0 0 1 0 0 0 0 1 1 0 0 0 1 0 0 0 1 1 1 1 1 0 1 0 1 1 0 0 0 1 0 0 0 0 0 
1 0 1 0 1 0 1 1 0 0 0 1 0 0 0 1 0 1 0 0 1 0 1 1 0 1 0 0 0 0 1 0 0 1 0 0 1 0 0 0 1 0 0 1 0 0 1 1 1 0 1 0 1 1 0 0 1 1 1 0 1 0 1 1 
1 1 0 1 1 1 0 1 1 1 1 1 1 1 1 1 0 0 1 0 1 0 1 0 0 1 1 0 1 0 1 0 0 0 1 0 1 0 1 0 1 0 0 1 0 1 1 0 1 1 0 0 1 0 0 1 1 1 0 0 0 1 1 1 
1 1 0 1 1 1 1 1 1 1 0 1 1 1 0 0 0 0 0 0 0 1 0 0 0 1 1 1 0 1 0 0 0 0 1 0 1 0 1 1 1 1 1 0 1 0 1 0 1 1 0 1 0 0 1 1 1 1 1 0 1 1 1 1 
1 1 1 0 0 0 0 1 1 0 0 0 0 0 1 1 0 0 0 0 0 1 0 1 0 0 1 0 0 1 1 1 1 0 0 1 0 1 0 0 1 0 1 1 1 1 0 0 0 0 1 1 0 0 1 1 1 1 0 1 1 1 1 0 
0 0 0 1 1 1 1 0 1 0 1 1 0 1 1 1 1 0 1 1 1 0 1 1 0 0 0 1 0 0 0 0 0 0 1 0 1 1 0 1 1 0 0 1 0 1 0 0 1 1 1 1 0 1 1 0 1 1 0 0 1 0 1 0 
1 0 0 1 0 1 1 0 1 0 0 0 1 1 1 1 0 0 0 1 0 1 0 0 1 0 0 0 0 0 1 1 1 0 1 0 0 1 1 0 0 1 0 0 0 1 1 0 0 0 1 0 0 1 1 0 0 0 0 1 0 0 0 1 
0 0 1 0 1 0 1 1 0 1 0 1 1 1 1 1 1 0 1 1 0 1 0 1 1 0 1 0 0 0 1 1 0 1 1 0 1 1 0 0 1 0 1 1 1 1 1 0 1 1 1 0 1 1 0 1 1 0 0 0 0 1 0 1 
0 0 1 1 1 0 1 0 1 1 1 1 0 0 0 1 1 0 0 0 1 0 1 1 0 0 1 0 1 1 1 0 1 0 1 1 1 1 1 1 0 0 1 1 1 1 0 0 1 1 0 1 0 0 1 0 0 0 0 0 1 0 1 1 
1 0 0 0 1 1 1 0 0 0 1 1 0 1 0 0 1 0 0 0 1 0 1 0 0 1 0 0 0 1 1 0 1 1 1 0 1 0 1 0 1 1 1 0 1 0 0 0 1 1 0 0 1 1 0 0 1 1 1 1 0 0 1 0 
1 0 0 1 1 0 0 1 0 1 1 1 0 0 1 1 1 1 0 1 1 0 0 1 1 0 0 0 1 1 0 0 1 0 1 1 1 1 0 0 1 1 1 0 1 0 0 1 1 1 0 0 0 1 1 1 1 1 1 0 1 1 0 0 
1 0 1 0 1 0 1 0 1 1 0 1 1 0 0 0 1 1 0 1 0 1 0 0 1 0 0 0 0 0 0 1 0 0 0 0 0 1 0 1 0 0 0 1 1 0 0 1 1 1 1 1 1 1 1 1 1 0 0 0 1 1 0 0 
0 0 1 1 0 0 0 1 1 0 0 0 1 1 0 1 1 1 0 1 0 1 1 1 1 0 0 0 0 0 1 1 0 1 1 0 0 1 1 1 1 1 0 0 0 1 1 0 0 0 0 0 1 1 0 1 1 1 0 1 1 1 0 1 
